Shanghai Karachi Beijing Istanbul Lagos Mumbai Moscow Dhaka Cairo SaoPaulo Lahore Seoul Jakarta Kinshasa Tokyo MexicoCity Lima NewYork
    3323
     664    3025
    4969    2449    4390
    7603    4379    7123     2858
    3138     551    2958     2994  4732
    4245    2597    3608     1085  3880   3128
    1971    1475    1883     3703  5852   1178   3451
    5200    2216    4695      772  2429   2711   1801  3638
   11538    8300   10933     6571  3960   8557   7325  9732  6346
    2762     643    2409     2583  4865    873   2436  1121  2548     8823
     539    3597     595     4951  7712   3490   4116  2362  5283    11394   2992
    2749    3426    3230     5871  7187   2891   5778  2335  5581     9721   3366  3278
    7331    4009    6999     3242  1103   4227   4327  5403  2588     4330   4597  7587    6297
    1099    4318    1308     5570  8383   4196   4662  3049  5958    11512   3713   721    3587     8306
    8032    9247    7752     7109  6891   9736   6672  9397  7697     4611   8898  7499   10475     7917  7033
   10666    9936   10344     7595  5679  10385   7855 11288  7722     2147  10177 10135   11151     6322  9628       2636
    7385    7272    6844     5021  5271   7806   4678  7887  5614     4755   7063  6885   10053     6374  6758       2090 3634